335
277
335
295
275
321
283
252
332
387
297
320
318
386
344
331
359
293
372
370
322
340
369
371
386
318
322
306
357
346
316
378
293
324
337
373
397
293
311
387
363
210
221
330
390
392
282
325
305
329
331
332
348
265
279
267
387
399
337
371
352
381
314
382
367
338
384
363
398
212
310
359
246
329
280
391
281
376
382
329
323
280
365
364
322
340
269
387
275
300
302
368
367
366
324
383
382
312
336
301
383
301
362
310
339
235
337
332
305
287
270
369
394
293
350
325
311
367
336
382
279
289
347
320
392
229
363
382
345
321
336
337
290
265
362
310
298
344
270
275
366
309
316
343
295
346
239
376
310
309
326
331
369
288
290
315
293
381
305
378
321
316
326
287
368
314
316
325
282
313
375
279
279
329
322
321
325
280
334
353
314
254
304
305
360
302
342
356
317
382
359
375
380
352
349
371
355
278
360
329
302
337
316
306
387
335
259
277
325
318
328
357
286
369
326
282
364
317
359
342
348
335
382
397
278
291
308
387
265
320
329
292
261
358
290
336
283
373
331
346
346
310
369
368
300
303
328
352
356
337
316
356
331
358
290
345
363
346
349
366
346
372
342
326
313
344
382
332
277
292
348
336
336
258
387
360
296
252
377
376
329
337
395
340
319
377
325
324
271
349
374
288
348
269
283
395
270
339
340
259
322
315
309
384
307
303
330
282
368
252
312
286
321
288
351
339
311
297
362
330
357
347
287
374
352
275
247
311
360
272
310
294
399
365
342
293
227
394
378
298
258
326
278
335
302
316
286
305
322
289
365
318
323
296
291
367
279
319
316
329
296
267
334
379
311
287
344
330
322
368
334
339
341
319
322
312
288
314
364
308
267
301
313
344
287
303
393
354
399
335
319
306
300
345
396
341
333
324
376
269
293
356
340
354
354
282
357
320
370
270
373
304
376
297
290
217
243
339
317
288
315
308
350
284
341
326
325
362
379
359
326
378
342
289
285
378
331
337
340
389
283
379
322
330
274
306
282
284
362
334
390
372
323
304
350
335
393
331
319
374
394
253
299
257
298
285
381
353
284
277
241
317
276
347
305
324
322
328
310
344
265
292
276
338
295
318
312
380
355
321
269
306
300
347
326
293
304
291
379
303
315
353
298
327
323
333
380
396
257
324
279
329
364
362
354
296
328
295
230
336
319
267
319
333
257
296
335
354
275
354
303
360
351
332
314
400
327
347
332
332
323
346
344
350
288
325
345
328
328
381
386
256
278
361
359
397
399
290
377
349
329
330
334
345
329
344
308
291
344
340
319
347
380
358
285
324
308
396
286
363
311
327
305
305
305
296
332
237
318
353
238
390
394
243
363
281
339
288
281
305
310
353
325
303
304
335
346
380
321
301
315
302
371
331
368
303
338
290
386
385
337
386
316
298
397
353
330
313
400
384
285
376
336
298
333
345
383
346
362
402
348
266
365
378
283
318
330
330
301
348
311
306
382
294
317
309
364
342
295
335
248
328
307
322
354
378
343
325
365
355
279
321
393
316
340
350
360
313
330
306
358
359
366
341
337
379
288
390
272
375
381
305
324
319
351
304
375
302
274
361
286
368
287
263
258
357
303
300
379
276
346
268
270
303
335
299
391
298
251
253
302
386
384
315
349
325
340
287
345
324
298
318
362
363
330
325
388
313
299
368
358
330
338
306
378
387
303
315
363
311
317
334
392
300
307
324
323
270
318
302
363
273
353
325
325
359
317
316
349
325
352
281
330
278
309
366
338
259
318
339
289
308
379
297
309
323
349
292
234
337
356
373
271
267
370
298
330
308
374
402
306
403
328
285
374
359
303
320
286
301
332
370
303
302
299
381
340
366
307
303
308
331
379
271
368
308
321
328
366
294
302
364
300
371
308
323
275
313
294
258
325
373
251
285
309
319
257
292
302
327
359
291
398
275
259
306
306
313
322
272
290
362
332
325
387
280
377
285
325
367
324
306
260
301
319
277
290
339
316
291
340
323
326
307
380
325
289
312
322
339
389
328
239
361
356
336
384
352
320
341
264
286
290
313
364
325
345
359
346
318
369
361
324
325
319
334
320
297
312
335
310
311
319
349
306
337
319
350
343
280
325
344
291
348
308
290
272
288
320
319
376
364
252
298
336
339
316
336
285
313
312
319
334
350
328
297
350
293
278
327
396
358
338
276
325
332
360
284
313
319
331
335
278
338
299
354
306
289
322
334
336
307
266
303
392
278
283
275
373
299
323
352
398
397
356
359
312
331
271
258
328
234
315
275
322
311
314
368
373
320
310
352
307
343
255
269
300
307
290
309
321
252
290
232
359
274
276
327
367
234
333
370
376
241
309
356
390
325
326
301
310
260
306
293
296
378
328
312
261
292
322
311
361
328
333
315
278
337
298
289
371
309
369
374
237
364
356
300
403
358
364
390
382
334
393
320
312
319
308
304
309
290
293
302
325
318
325
322
306
393
333
349
303
346
300
390
322
296
377
371
322
306
377
285
370
328
387
316
238
363
247
327
310
314
372
277
331
260
318
293
295
343
288
278
270
354
242
294
307
315
296
318
300
297
300
233
328
308
303
372
329
287
284
350
313
383
353
283
271
355
382
329
255
273
291
337
299
302
341
311
250
316
325
329
311
338
305
317
293
283
333
301
283
286
327
329
299
332
335
341
341
275
284
320
204
325
393
262
388
308
372
333
287
358
288
309
351
310
395
297
342
385
336
381
326
310
301
298
366
407
283
289
327
343
391
341
360
333
348
351
373
387
354
371
382
385
385
380
345
341
367
378
380
353
350
348
399
349
266
355
354
380
339
364
362
351
391
350
393
380
360
383
337
379
366
334
399
356
405
380
338
395
330
393
382
386
346
335
348
341
365
352
360
390
382
340
337
381
352
347
346
358
344
355
360
386
344
388
387
378
349
383
337
346
388
383
346
360
362
364
357
341
357
365
355
334
367
352
377
377
372
356
362
341
376
350
373
391
319
344
372
362
355
371
372
363
355
347
363
337
327
399
349
390
370
344
379
367
361
378
365
349
396
384
344
365
391
346
370
384
344
375
347
366
377
349
327
335
343
387
368
349
330
352
335
345
368
333
372
335
387
353
352
356
331
340
351
375
332
360
373
377
347
358
380
362
364
394
347
265
348
354
391
386
331
357
388
372
373
363
342
350
336
377
395
345
390
338
363
340
357
330
380
384
354
341
348
367
342
359
347
334
357
387
384
349
334
349
349
327
366
331
336
378
360
354
352
359
340
350
372
337
355
338
345
338
342
343
330
257
342
360
351
345
363
351
212
219
254
201
313
254
271
230
313
346
315
207
346
389
276
338
316
319
377
303
356
301
312
268
261
258
244
245
255
296
234
236
205
208
240
242
235
259
287
243
251
237
265
299
285
285
273
230
297
265
236
252
232
232
276
251
244
234
306
282
226
264
235
208
257
221
258
264
254
299
235
255
255
273
299
241
232
269
264
246
212
267
235
251
209
279
259
229
228
260
287
276
268
229
235
213
282
278
257
241
245
282
238
217
286
272
240
292
203
229
262
224
246
294
303
258
259
368
